600519
000858
000568
600809
002304
600887
000895
603288
002507
603027
002399
603866
002557
002695
600436
000538
601888
600009
603043
002294
000848
000333
000651
600690
002032
002508
603833
002572
600660
002475
002241
002959
603259
002821
300347
603127
600276
300760
603392
300601
300015
300607
600529
600998
603939
603233
000423
300452
600557
600062
600036
002142
601166
601398
601939
601169
601009
601128
601318
601628
601601
601336
600030
300059
600837
600570
300750
002594
601012
600438
300274
002129
002460
002466
300450
600406
600111
000970
300207
002371
688012
688126
603501
603986
300782
688981
300661
688063
300672
688072
300502
300506
002236
600031
000425
601766
000708
300124
688017
002008
600685
600150
600320
000338
600900
600025
601088
601898
600028
601727
600886
600989
600780
600585
002271
000786
601668
601390
601186
601800
600233
601919
002027
002714
000876
600300
002003
600486
002601
600426
000630