002714
300498
000876
002548
600111
000831
000960
601899
600362
002460
002466
002738
603799
002756
300274
688063
002518
600406
002028
688017
002747
002050
300760
600276
688235
300759
688108
002407
000811
601088
600011
600900
301308
300475
603986
300604
688012
002371
688268
300458
300671
688525
688498
300308
300302
001309
601869
600487
600105
002396
300308
300302
002738
002326
300014
002709
002460
002192
002407
000792
000703
000301
300821
002648
600486
300497
002545
002378
000603
000060
000960
000657
002458
002299
601872
600233
600989
002340
002204
002975
002979
002903
600201
600521
688607
002693
605006
002048
002454
600872
002568
002292
301211
002148
002042
603385
300120
002156
300747
688110
002594
600111
000831
300073
002601
600378
002092
300263
002321
601633
002239
300502
688333
002812
300567
600420
002760
300618
002472
601012
002172
300037
000970
600516
300402
002643
002064
300107
600348
000762
300769
002851
603711
002108
300169
688068
002519
300587
002801
603129
300217
002282
600586
300433
002430
002080
600478
300724
002632
688002
002717
300022
002364
600985
000893
300197
600026
002013
300418
002741
603076
300652
002245
300428
002614
600141
000807
300232
002865
688598
002534
300040
600460
002119
300751
002456
688050
300270
002838
603160
300316
002217
300115
600352
002315
300505
002661
600577
300707
002384
688099
300460
002150
300598
002055
600703
300054
002714
600189
300153
002304
600809
002307
600017
300020
002602
601108
300136
002444
600765
300631
002881
688396
002705
300207
002185
600309
300072
002422
600276
300199
002332
600438
300244
002687
600507
300511
002508
600422
300482
002267
600966
300122
002196
600750
300284
002491
600546
000708
300337
002036
688126
300415
002773
600323
300088
002524
601718
300627
002415
000596
300539
603225
002846
300258
002001
600079
300346
002650
600489
300717
002167
600380
300442
002756
601677
300171
002353
600518
300550
002870
600221
300224
002411
000878
300001
002126
600177
300390
002792
600362
300782
002557
600863
300661
002274
688568
300183
002463
600391
300046
002369
600987
300545
002023
600416
300471
002541
600789
300699
002625
600529
300293
002250
600126
300493
002030
600500
300181
002828
600844
300066
002480
600933
300576
002131
600208
300736
002729
600792
300407
002049
600153
300642
002218
600426
300352
002562
600886
300097
002402
600740
300118
002100
600096
300607
002670
600330
300260
002169
600498
300791
002390
600563
300448
002736
600231
300099
002224
600104
300521
002507
600308
300345
002176
600483
300742
002605
600556
300127
002008
600062
300516
002436
600803
300296
002110
600997
300484
002783
600110
300680
002375
600617
300383
002428
600585
300142
002280
600350
300031
002538
600491
300775
002191
600888
300435
002060
600744
300616
002610
600008
300042
002341
600210
300306
002586
600160
300140
002074
600596
300560
002291
600311
300238
002488
600138
300641
002752
600005
300701
002324
600458
300102
002085
600850
300477
002518
600375
300061
002233
600970
300630
002466
600549
300250
002019
600212
300379
002641
600429
300157
002313
600720
300451
002763
600396
300620
002136
600699
300056
002451
600829
300210
002668
600268
300506
002300
600502
300174
002776
600009
300421
002189
600320
300076
002572
600810
300317
002045
600536
300543
002203
600981
300727
002413
600436
300007
002141
600143
300282
002726
600714
300650
002356
600300
300533
002690
600816
300411
002242
600120
300080
002560
600773
300676
002155
600481
300222
002446
600328
300578
002091
600532
300322
002681
600166
300495
002262
600761
300757
002475
600256
300186
002382
600600
300523
002006
600410
300600
002710
600801
300393
002128
600158
300048
002405
600900
300277
002653
600089
300787
002348
600476
300161
002053
600729
300556
002795
600118
300033
002227
600355
300409
002471
600510
300290
002103
600967
300691
002547
600192
300455
002338
600660
300112
002028
600387
300548
002621
600226
300710
002483
600019
300269
002132
600588
300465
002700
600707
300092
002370
600469
300646
002140
600315
300581
002835
600123
300166
002210
600406
300760
002440
600833
300430
002093
600366
300202
002590
600636
300667
002180
600448
300354
002749
600078
300526
002360
600298
300622
002607
600754
300191
002434
600332
300068
002252
600176
300440
002788
600910
300591
002040
600847
300730
002318
600569
300683
002162
600363
300300
002418
600782
300480
002743
600108
300129
002529
600887
300563
002070
600383
300246
002273
600798
300010
002493
600230
300468
002171
600575
300656
002395
600425
300360
002719
600146
300720
002459
600028
300109
002029
600739
300688
002636
600597
300413
002328
600012
300240
002146
600206
300508
002750
600370
300386
002296
600988
300004
002469
600535
300603
002111
600446
300131
002559
600717
300425
002088
600198
300771
002302
600642
300084
002639
600270
300327
002122
600522
300513
002771
600011
300444
002499
600993
300287
002179
600768
300693
002344
600493
300179
002511
600338
300024
002240
600653
300403
002034
600894
300749
002674
600340
300535
002104
600463
300649
002479
600085
300253
002386
600558
300488
002722
600100
300050
002158
600824
300364
002616
600360
300704
002201
600737
300189
002425
600415
300400
002730
600917
300553
002166
600515
300274
002366
600252
300034
002581
600787
300673
002068
600303
300438
002768
600188
300078
002256
600433
300230
002400
600673
300572
002190
600815
300663
002645
600319
300148
002346
600297
300789
002043
600071
300331
002448
600835
300472
002745
600403
300609
002115
600560
300540
002276
600790
300138
002496
600381
300491
002683
600060
300713
002351
600644
300013
002503
600242
300366
002129
600990
300500
002786
600132
300612
002310
600583
300058
002420
600346
300200
002182
600674
300419
002664
600741
300685
002373
600149
300584
002702
600031
300177
002409
600470
300228
002117
600969
300678
002530
600203
300342
002286
600839
300528
002779
600423
300016
002450
600712
300446
002003
600505
300634
002330
600804
300145
002628
600316
300570
002139
600039
300463
002442
600877
300389
002733
600150
603688
000001
300750